0
2
3
5
9
9
9
11
11
12
12
13
13
14
15
15
16
16
18
19
20
20
20
20
21
21
22
23
23
24
26
28
29
29
30
30
31
33
34
35
37
38
39
39
40
40
41
41
41
41
44
44
44
45
46
47
49
49
51
53
55
55
57
58
59
60
60
62
63
65
65
66
66
67
67
67
69
71
72
72
72
73
74
74
75
77
78
80
80
81
81
81
83
83
83
84
87
87
87
87
89
91
93
93
95
96
96
96
96
97
97
98
98
100
100
101
102
103
104
107
108
110
110
110
110
111
111
112
113
116
116
118
119
121
124
126
128
128
131
132
132
132
132
132
135
136
138
138
140
140
142
143
144
144
145
147
151
153
153
157
161
161
161
163
165
166
166
166
167
169
169
169
170
170
171
172
174
175
176
178
178
181
181
182
183
185
185
186
190
191
191
192
193
193
195
196
196
197
197
